N= 0.486456, N/rf= -0.048646 
 Nb = 0.001271, Ne= 0.485185 
 